1 0 4 -1 -1 -1
2 1 4 2 -1 -1

1 0 3 -1 -1 -1
2 1 3 -1 -1 -1

1 0 4 2 -1 -1
2 1 4 -1 -1 -1

1 0 4 -1 2 -1
2 1 4 -1 3 -1

1 0 6 -1 3 -1 -----------LOOP INFINITO
2 2 5 -1 2 -1

1 0 3 2 -1 -1
2 1 4 3 -1 -1

1 0 4 -1 -1 2
2 1 4 -1 -1 3



FALTA TESTAR MANUALMENTE - PARECE CORRETÍSSIMO
-------------
1 0 4 -1 -1 -1
2 1 4 -1 -1 -1
3 2 4 -1 -1 -1

1 0 4 -1 -1 -1
2 1 4 -1 -1 -1
3 2 4 -1 -1 -1
4 3 4 -1 -1 -1

1 0 4 -1 -1 -1
2 1 4 -1 -1 -1
3 2 4 -1 -1 -1
4 3 4 -1 -1 -1
5 4 4 -1 -1 -1

1 0 4 -1 -1 -1
2 1 4 -1 -1 -1
3 2 4 1 -1 -1

1 0 4 -1 -1 -1
2 1 4 -1 -1 -1
3 2 4 3 -1 -1
----------------------------
Erro Execução processos - FAZER MANUALMENTE
TESTEI AGORA E FUNCIONOU... testar
1 0 4  1 -1 -1
2 3 4 -1 -1 -1
3 4 4 -1 -1 -1
4 5 4 -1 -1 -1

-------------------------
1 0 4 -1 3 -1 
2 1 4 -1 2 -1

1 0 4 -1 -1 3
2 1 4 -1 -1 2

1 0 4 -1 -1 -1
2 2 4 -1 2 3

1 0 4 -1 -1 3
2 2 4 -1 2 3

1 0 4 -1 2 3
2 2 4 -1 2 3

1 0 4 1 -1 -1
2 2 4 -1 -1 2

1 0 4 -1 1 2
2 2 4 -1 1 3
3 6 3 1 -1 -1

1 0 4 1 -1 -1
2 2 4 -1 -1 -1






DEU ERRADO COINCIDIU I/O com tempo de chegada
-----------------------------------
1 0 2 1 -1 -1
2 1 3 -1 -1 -1
-------------
1 0 4 -1 2 3
2 2 4 1 2 3



ERRO INFINITO
1 0 4 -1 1 2
2 2 4 -1 2 3
3 6 3 1 -1 -1


